NAME = AISearchfile175,
SIZE = 175,
211,329,289,276,261,180,167,218,290,132,261,204,276,239,329,370,211,233,289,204,344,238,143,202,289,239,284,261,295,261,204,276,249,261,329,126,329,261,293,159,247,266,329,261,370,211,191,276,273,215,291,276,146,222,314,344,206,227,239,211,268,261,224,336,344,329,344,129,312,289,273,261,329,344,283,269,249,305,306,236,252,204,175,160,259,279,276,261,329,298,276,283,276,276,261,211,126,370,276,204,289,220,211,211,329,211,289,344,204,344,261,290,194,239,276,261,232,329,268,129,329,370,204,129,276,167,329,238,329,218,301,289,284,206,227,329,211,261,207,243,299,344,344,289,204,215,344,279,204,204,329,143,204,268,249,203,204,329,261,211,215,202,289,319,344,220,344,261,266,344,319,344,238,248,
284,242,306,293,229,215,263,321,236,170,284,304,232,269,314,70,284,211,284,342,208,211,211,259,264,315,170,326,170,284,248,248,284,266,211,266,291,324,236,284,232,266,283,314,149,236,193,304,149,322,216,211,284,343,283,166,270,149,189,299,170,268,274,283,266,283,236,342,211,304,174,266,283,314,300,277,335,336,277,288,284,236,166,293,310,238,170,266,328,308,314,194,269,170,149,211,314,205,284,227,264,128,207,266,284,211,306,284,283,170,321,240,132,193,277,274,266,299,236,328,314,284,236,193,211,321,278,314,263,332,258,315,236,284,266,172,272,252,284,329,335,283,213,284,128,283,310,284,284,266,211,284,299,207,249,284,299,170,128,248,189,211,348,291,208,283,294,288,283,348,283,284,285,
177,196,218,329,329,300,196,345,301,378,196,240,134,187,284,378,234,378,213,329,329,329,177,240,263,282,185,304,378,196,230,218,311,329,319,218,345,345,345,211,167,218,187,306,345,274,329,263,378,202,329,378,378,149,308,329,259,266,266,279,329,326,224,245,177,345,213,221,345,319,256,266,196,378,230,201,378,266,329,378,345,300,378,240,196,311,234,196,378,345,224,196,296,306,329,284,213,378,189,272,295,266,256,378,253,149,378,245,289,272,329,273,237,218,345,274,218,345,189,187,378,345,266,329,177,329,167,345,240,177,378,345,378,296,266,218,300,378,378,201,213,205,378,273,282,272,378,378,189,329,378,218,230,345,378,134,290,295,263,272,268,300,127,326,326,345,211,127,266,304,378,378,
208,187,289,289,258,230,307,266,345,205,181,177,246,242,345,181,345,262,296,289,289,129,181,221,238,237,270,345,121,170,173,277,289,284,184,307,307,307,140,177,171,246,272,307,228,289,210,345,140,289,345,345,202,273,289,210,211,211,235,289,292,202,194,202,307,262,169,307,284,206,217,219,345,170,251,345,211,289,345,307,258,345,214,121,277,181,241,345,307,171,142,260,272,289,246,157,345,127,220,258,211,206,345,203,208,345,202,249,230,289,226,185,160,307,228,197,307,241,246,345,307,217,289,230,289,219,307,246,128,345,307,345,260,211,154,258,345,345,251,202,144,345,226,238,220,345,345,177,289,345,197,170,307,345,197,251,258,208,220,219,270,202,287,292,307,178,202,270,270,345,345,
131,276,276,241,134,294,323,333,81,218,196,262,306,347,266,333,220,350,295,327,189,183,189,304,143,326,333,202,202,149,333,285,340,134,294,301,294,218,202,153,262,328,321,296,276,284,333,234,276,340,333,220,329,276,284,259,193,301,276,347,256,274,220,294,177,253,294,340,282,289,113,333,167,167,333,193,276,333,311,298,333,162,213,333,266,149,333,294,256,177,319,328,276,306,245,333,224,202,318,243,282,333,280,220,333,274,311,202,276,295,269,167,294,296,125,294,196,262,333,294,289,305,196,276,196,294,162,191,333,329,333,319,273,174,241,354,333,220,245,238,333,295,304,202,333,333,224,276,333,125,243,294,333,196,312,318,202,259,290,241,220,338,347,294,141,220,193,326,333,333,
261,261,220,163,279,310,320,128,199,218,278,293,335,248,320,241,338,282,314,170,163,166,291,171,313,320,180,180,124,321,272,328,81,279,288,279,199,218,127,278,316,308,283,261,271,320,216,261,328,320,241,317,261,271,241,170,288,261,335,241,258,241,279,198,235,279,328,269,276,145,320,138,186,320,170,261,320,298,285,320,137,193,321,248,174,320,279,237,154,306,316,261,293,226,320,205,179,305,225,269,321,266,241,320,258,298,179,261,282,251,138,279,283,102,279,218,278,320,279,276,292,218,261,218,279,179,171,320,317,320,306,257,148,220,342,320,241,241,219,320,282,291,179,320,320,218,261,320,102,225,279,320,218,299,305,180,241,278,220,241,326,335,279,103,241,208,313,320,320,
126,160,276,158,261,247,276,239,329,370,229,283,289,257,344,286,213,259,289,239,235,261,289,261,204,276,249,261,329,197,329,261,247,222,187,266,329,261,370,261,250,276,218,215,245,276,141,275,274,344,263,167,239,211,211,261,162,336,344,329,344,175,276,289,218,275,329,344,276,213,249,289,266,211,194,204,236,216,204,239,276,268,329,276,224,233,276,276,261,261,167,370,276,215,289,202,245,211,329,268,289,344,204,344,261,243,113,239,276,261,172,329,261,185,329,370,204,191,276,227,329,177,329,153,259,289,234,263,204,329,211,261,160,290,255,344,344,289,204,215,344,227,204,204,329,143,236,261,249,132,225,329,261,245,215,202,289,279,344,274,344,204,266,344,279,344,204,204,
172,276,137,261,233,276,239,329,370,215,273,289,243,344,277,198,245,289,239,249,261,289,261,204,276,249,261,329,181,329,261,261,207,203,266,329,261,370,247,236,276,232,215,259,276,120,265,284,344,249,180,239,211,225,261,177,336,344,329,344,159,283,289,232,265,329,344,276,227,249,289,276,211,209,204,222,202,216,241,276,261,329,276,238,247,276,276,261,247,143,370,276,204,289,202,231,211,329,254,289,344,204,344,261,257,139,239,276,261,187,329,261,171,329,370,204,175,276,213,329,193,329,172,271,289,248,249,204,329,211,261,160,280,269,344,344,289,204,215,344,241,204,204,329,126,222,261,249,152,211,329,261,231,215,202,289,289,344,263,344,218,266,344,289,344,204,205,
241,198,281,277,241,196,300,345,263,307,258,284,316,310,247,285,258,196,200,259,258,284,246,241,208,220,300,232,300,220,213,256,187,227,300,220,345,287,279,249,180,231,246,241,185,299,246,316,288,160,231,198,174,256,160,308,316,300,316,213,241,258,187,299,300,316,241,246,208,258,246,166,160,246,269,250,246,196,241,292,300,241,246,198,241,241,277,287,203,345,241,249,258,154,275,179,300,292,258,316,246,316,269,209,160,247,241,220,187,300,220,222,300,345,246,227,241,261,300,160,300,187,225,258,246,288,246,300,215,220,113,314,246,316,316,258,246,247,316,191,246,246,300,187,269,220,208,187,259,300,270,275,170,198,258,250,316,298,316,187,227,316,250,316,246,246,
294,337,333,138,240,202,262,321,361,282,340,220,364,310,341,213,207,189,319,121,340,333,224,224,177,347,300,354,167,294,316,294,240,224,179,262,342,335,311,276,299,333,256,276,354,333,220,343,276,299,277,193,316,276,361,274,289,234,294,149,273,294,354,296,304,113,333,189,134,333,193,276,333,326,313,333,162,234,347,282,113,333,294,274,202,333,342,280,321,266,333,245,207,332,264,296,347,294,220,333,289,326,202,276,310,284,189,294,311,149,294,196,262,333,296,304,320,196,276,196,294,162,214,333,343,333,333,288,198,241,367,333,220,266,259,333,310,319,202,333,333,245,276,333,149,264,294,333,196,327,332,224,277,305,241,220,352,361,294,172,220,193,340,333,333,
279,209,294,263,345,384,236,252,307,220,359,257,172,222,307,263,270,279,307,279,177,294,270,279,345,152,345,279,279,181,227,284,345,279,384,236,213,294,255,240,278,294,129,241,300,359,225,207,263,236,248,279,203,352,359,345,359,126,299,307,256,279,345,359,294,250,270,307,293,236,232,177,198,187,239,264,294,279,345,294,261,269,294,294,279,236,129,384,294,177,307,227,236,236,345,231,307,359,177,359,279,276,172,263,294,279,213,345,279,137,345,384,177,143,294,187,345,218,345,198,288,307,270,225,207,345,236,279,187,263,285,359,359,307,177,240,359,264,177,177,345,129,198,279,270,181,185,345,279,236,240,227,307,305,359,240,359,241,284,359,305,359,218,229,
320,321,257,286,278,170,320,208,320,358,258,261,261,279,282,331,142,342,87,320,271,271,301,218,261,218,308,339,279,301,257,271,299,308,170,279,160,321,180,338,241,261,320,359,279,220,287,180,216,316,148,285,229,241,218,262,279,358,221,321,140,218,241,330,320,293,351,352,293,305,320,279,220,320,326,262,127,218,344,324,330,219,286,96,170,261,278,230,320,251,282,170,232,218,320,187,323,320,241,129,337,264,163,205,293,291,218,316,279,344,316,320,279,173,261,337,295,330,281,347,278,331,279,320,218,199,288,274,320,345,351,241,237,320,166,241,326,320,320,251,261,320,316,232,279,320,316,128,170,271,216,171,364,308,258,241,311,305,293,364,241,320,320,
333,304,378,416,284,167,345,113,391,207,204,204,345,304,327,320,345,320,247,333,312,320,378,204,378,320,335,177,297,324,378,320,416,284,177,333,316,286,334,333,220,149,355,391,246,283,304,284,311,320,280,385,391,378,391,194,354,345,316,320,378,391,333,313,312,347,348,289,300,189,177,246,305,322,333,320,378,340,320,326,333,333,320,284,204,416,333,149,345,278,284,284,378,134,345,391,224,391,320,333,257,304,333,320,287,378,320,183,378,416,257,177,333,204,378,290,378,277,343,345,327,177,283,378,284,320,269,177,341,391,391,345,202,286,391,322,177,234,378,218,113,320,312,266,134,378,320,284,286,277,345,360,391,207,391,307,324,391,360,391,290,298,
215,196,262,304,345,263,333,220,348,293,325,186,179,189,302,148,324,333,198,198,144,331,283,338,131,294,299,294,215,198,148,262,326,319,294,276,282,333,231,276,338,333,220,327,276,282,256,193,299,276,345,253,272,220,294,180,251,294,338,280,287,124,333,163,170,333,193,276,333,309,296,333,162,210,331,263,154,333,294,253,174,317,326,276,304,242,333,221,202,316,240,280,333,278,220,333,272,309,202,276,293,266,163,294,294,125,294,196,262,333,294,287,303,196,276,196,294,163,187,333,327,333,317,271,171,241,352,333,220,242,235,333,293,302,202,333,333,221,276,333,125,240,294,333,196,310,316,198,256,288,241,220,337,345,294,137,220,193,324,333,333,
240,294,232,304,181,304,270,289,239,262,181,149,231,229,247,261,304,162,128,183,270,239,278,196,263,263,263,136,240,180,294,264,263,218,239,200,304,162,239,304,304,262,266,239,200,165,207,225,239,285,262,240,262,263,270,181,263,278,240,262,229,304,172,261,304,172,239,304,263,220,304,224,162,270,240,250,304,263,162,162,250,264,239,294,162,304,181,150,248,139,240,304,192,262,304,262,240,240,239,216,175,172,263,240,207,263,250,294,304,263,207,239,240,239,240,263,255,181,304,266,304,250,181,165,196,304,304,262,262,181,304,216,262,224,304,304,240,239,304,207,139,263,304,240,241,248,128,165,209,277,262,276,285,263,189,262,277,262,304,304,
187,269,378,213,378,234,326,329,329,177,240,263,266,209,289,378,196,230,218,296,329,304,218,345,345,345,211,134,218,187,291,345,256,329,263,378,196,329,378,378,127,300,329,240,266,266,263,329,311,202,224,149,345,234,199,345,304,234,245,196,378,230,223,378,266,329,378,345,300,378,240,196,296,213,213,378,345,202,196,282,291,329,269,196,378,177,272,280,266,234,378,231,177,378,224,274,272,329,254,216,218,345,256,218,345,213,187,378,345,245,329,202,329,189,345,240,177,378,345,378,282,266,218,300,378,378,223,189,181,378,263,266,272,378,378,167,329,378,218,230,345,378,167,275,280,263,272,247,300,149,326,311,345,211,127,266,289,378,378,
314,416,246,416,255,368,370,370,246,294,312,278,246,278,416,262,287,278,282,370,289,278,384,384,384,273,187,278,177,314,384,262,370,312,416,262,370,416,416,162,345,370,294,314,314,278,370,296,177,202,162,384,262,246,384,289,213,224,262,416,287,246,416,314,370,416,384,345,416,294,262,282,189,262,416,384,262,262,278,314,370,248,262,416,246,320,314,314,213,416,246,202,416,202,278,320,370,294,262,278,384,234,278,384,234,189,416,384,262,370,224,370,213,384,294,246,416,384,416,266,314,278,345,416,416,245,167,246,416,312,245,320,416,416,187,370,416,278,287,384,416,189,278,314,312,320,246,345,177,368,296,384,273,162,314,274,416,416,
284,211,284,342,208,211,211,259,264,315,170,326,170,284,248,248,284,266,211,266,291,324,236,284,232,266,283,314,149,236,193,304,149,322,216,211,284,343,283,166,270,149,189,299,170,268,274,283,266,283,236,342,211,304,174,266,283,314,300,277,335,336,277,288,284,236,166,293,310,238,170,266,328,308,314,194,269,170,149,211,314,205,284,227,264,128,207,266,284,211,306,284,283,170,321,240,132,193,277,274,266,299,236,328,314,284,236,193,211,321,278,314,263,332,258,315,236,284,266,172,272,252,284,329,335,283,213,284,128,283,310,284,284,266,211,284,299,207,249,284,299,170,128,248,189,211,348,291,208,283,294,288,283,348,283,284,285,
345,149,391,207,204,204,345,308,355,320,365,320,283,333,312,326,378,218,378,333,363,194,326,324,378,324,416,284,177,333,344,286,362,333,263,113,380,391,246,313,304,284,340,320,310,385,391,378,391,238,379,345,345,320,378,391,354,341,319,373,374,319,329,234,177,246,334,350,333,320,378,367,348,354,333,333,320,284,247,416,333,202,345,308,284,284,378,134,345,391,266,391,320,361,290,304,333,320,316,378,340,229,378,416,290,224,333,204,378,320,378,307,370,345,355,177,313,378,284,320,299,113,368,391,391,345,245,286,391,350,224,274,378,261,177,340,312,297,189,378,320,284,296,277,345,385,391,207,391,335,329,391,385,391,320,327,
345,304,287,289,289,202,207,276,177,286,213,345,189,189,234,224,289,234,245,307,307,307,172,189,232,246,216,307,167,289,208,345,149,289,345,345,202,258,289,181,211,256,174,289,245,202,177,202,307,304,121,307,234,177,202,274,345,224,296,345,224,289,345,307,258,345,270,177,224,177,289,345,307,121,213,202,216,289,246,134,345,167,220,211,211,177,345,131,266,345,202,189,282,289,181,121,224,307,177,256,307,289,256,345,307,149,289,282,289,274,307,293,200,345,307,345,202,211,216,258,345,345,296,202,143,345,208,202,270,345,345,177,289,345,256,170,307,345,256,191,211,208,220,153,310,245,287,245,307,240,224,310,213,345,345,
391,207,204,204,345,304,334,320,345,320,257,333,312,320,378,204,378,320,342,177,304,324,378,320,416,284,177,333,323,286,341,333,231,134,362,391,246,290,304,284,319,320,288,385,391,378,391,206,361,345,324,320,378,391,333,320,312,354,355,296,308,202,177,246,313,329,333,320,378,347,327,333,333,333,320,284,215,416,333,167,345,285,284,284,378,113,345,391,234,391,320,340,268,304,333,320,294,378,320,196,378,416,268,189,333,204,378,298,378,284,350,345,334,177,290,378,284,320,277,167,348,391,391,345,213,286,391,329,189,245,378,229,134,320,312,274,149,378,320,284,286,277,345,366,391,207,391,314,324,391,366,391,298,305,
382,344,362,245,262,280,340,202,361,391,255,255,241,367,344,373,241,359,359,359,270,255,241,201,363,359,333,344,321,391,281,344,391,391,245,364,344,321,299,283,337,344,379,296,311,266,359,220,295,359,373,319,326,220,391,253,202,391,283,344,391,359,334,391,262,266,367,304,220,391,359,296,234,354,363,344,342,289,391,274,289,353,288,319,391,317,177,391,311,347,289,344,332,306,241,359,333,241,359,134,189,391,359,326,344,149,344,167,359,262,246,391,364,391,354,310,241,316,391,391,113,289,284,391,332,340,289,391,391,274,344,391,241,288,359,391,189,348,353,280,299,327,316,201,372,379,359,234,223,283,361,391,391,
209,155,308,311,359,258,368,258,286,300,300,329,326,224,326,336,366,200,329,289,326,328,368,208,169,274,348,225,365,278,268,207,383,341,154,316,236,257,343,258,314,333,341,326,341,243,382,287,348,258,326,341,357,344,322,376,377,322,333,239,183,205,337,354,293,258,326,370,351,357,274,315,258,208,252,368,274,207,287,311,208,271,326,207,287,350,270,341,258,364,294,236,274,322,320,326,343,234,370,368,294,229,274,194,364,323,357,310,373,307,358,149,316,326,241,317,303,207,371,376,341,287,250,211,341,354,229,278,326,266,207,343,271,300,207,343,258,208,300,257,287,388,341,130,341,339,333,341,388,341,323,330,
170,289,248,304,261,315,261,213,276,249,273,329,126,329,280,313,129,273,266,329,271,370,211,159,276,293,215,311,276,182,204,333,344,174,255,239,211,288,261,252,336,344,329,344,152,331,289,293,261,329,344,303,289,264,324,326,264,277,204,137,160,281,299,276,261,329,317,296,303,276,276,261,211,167,370,276,204,289,248,211,211,329,204,289,344,204,344,261,310,224,239,276,264,261,329,288,138,329,370,223,132,276,126,329,266,329,247,321,289,304,174,255,329,211,261,236,215,319,344,344,289,204,215,344,299,204,204,329,181,204,288,249,232,204,329,261,211,232,202,289,337,344,189,344,283,276,344,337,344,266,274,
289,286,335,261,345,261,259,276,275,305,329,185,329,312,343,158,305,266,329,304,370,211,129,276,324,215,342,276,232,204,363,344,160,291,239,222,320,261,289,336,344,329,344,207,362,289,325,261,329,344,334,321,298,355,356,298,309,204,137,167,314,330,276,261,329,348,328,334,276,290,261,211,216,370,276,204,289,286,211,238,329,204,289,344,236,344,261,341,269,239,276,298,295,329,320,197,348,370,269,191,276,149,341,299,334,285,351,289,335,129,291,329,211,293,278,204,349,355,344,289,214,215,344,330,204,246,329,231,204,320,249,275,204,329,261,211,275,222,289,367,344,130,344,315,309,344,367,344,299,306,
181,208,256,220,282,345,121,170,154,289,289,296,167,307,307,307,141,177,154,246,284,307,245,289,227,345,167,289,345,345,202,285,289,227,211,211,252,289,304,202,213,202,307,245,187,307,296,224,234,202,345,170,234,345,211,289,345,307,258,345,196,134,289,202,223,345,307,189,121,274,284,289,259,177,345,149,220,273,211,224,345,221,202,345,213,266,220,289,243,205,154,307,245,177,307,223,246,345,307,234,289,213,289,202,307,229,70,345,307,345,274,211,154,258,345,345,234,202,170,345,243,256,220,345,345,177,289,345,177,175,307,345,177,268,273,208,220,236,258,202,295,304,307,158,202,254,282,345,345,
198,261,215,285,304,162,128,141,293,239,300,159,263,263,263,149,240,138,294,288,280,250,239,232,304,172,239,304,304,262,289,239,232,200,172,257,239,308,262,240,262,263,240,193,263,300,240,262,196,304,128,229,304,132,239,304,270,252,304,189,162,293,240,218,304,263,196,162,278,288,239,294,183,304,181,150,277,181,240,304,226,262,304,262,270,207,239,248,210,128,263,250,172,263,240,294,304,263,240,262,240,239,240,263,223,181,304,289,304,278,216,127,196,315,304,262,262,181,304,248,262,189,304,304,240,239,304,172,181,263,304,240,271,277,128,200,242,248,262,299,308,263,149,262,248,285,304,304,
313,208,334,286,215,215,169,341,294,348,166,240,310,240,231,263,171,312,336,329,305,215,293,286,247,261,348,286,280,338,215,293,271,137,310,215,355,280,283,280,280,189,266,240,348,290,298,189,286,179,208,286,179,215,286,320,307,286,128,226,341,276,189,286,240,268,192,327,336,274,315,258,305,236,198,326,256,290,341,288,280,286,283,320,112,224,304,278,179,240,305,166,287,263,312,286,290,298,314,263,215,263,240,138,208,286,338,286,327,282,187,211,362,286,280,280,251,286,304,313,112,290,286,263,263,320,166,256,240,313,263,321,326,215,271,299,173,280,347,355,240,174,280,173,334,286,286,
323,149,320,245,245,282,218,261,218,289,321,279,282,229,245,280,289,170,279,125,301,166,320,213,261,320,341,256,220,268,143,185,296,84,265,229,241,218,241,279,340,192,302,177,218,241,311,320,274,333,334,274,285,320,279,220,320,308,234,167,218,326,320,312,189,266,134,170,261,278,202,320,224,261,170,203,218,320,154,304,320,241,113,319,261,127,174,274,279,218,296,279,326,296,320,279,134,261,319,275,311,279,329,254,320,279,320,218,170,269,249,320,327,333,241,209,320,166,241,308,320,320,224,261,320,296,203,279,320,296,118,170,245,185,154,346,289,258,241,292,285,274,346,241,320,320,
344,345,231,231,185,351,305,358,174,307,321,307,247,231,187,246,347,340,316,289,304,345,263,289,358,345,220,348,289,304,282,211,321,289,365,279,294,241,307,139,278,307,358,301,309,130,345,198,126,345,211,289,345,330,318,345,181,241,351,286,121,345,307,279,209,337,347,289,326,272,345,252,220,336,270,301,351,299,202,345,294,330,220,289,315,288,198,307,316,162,307,177,246,345,307,309,324,177,289,177,307,181,221,345,348,345,337,293,205,258,371,345,202,272,266,345,315,323,220,345,345,252,289,345,162,270,307,345,177,331,336,231,282,310,258,202,357,365,307,179,202,211,344,345,345,
320,274,274,304,218,261,218,311,342,279,304,261,274,302,311,170,279,167,323,185,341,245,261,320,362,282,220,290,185,220,319,155,288,229,241,218,266,279,361,226,324,134,218,241,333,320,296,354,355,296,308,320,279,220,320,329,266,113,218,347,327,333,224,289,113,170,261,278,234,320,256,285,170,236,218,320,193,326,320,241,134,340,268,169,210,296,294,218,319,279,347,319,320,279,177,261,340,298,333,284,350,281,334,279,320,218,203,291,277,320,348,354,241,241,320,169,241,329,320,320,256,261,320,319,236,279,320,319,133,170,274,220,175,366,311,258,241,314,308,296,366,241,320,320,
333,312,320,378,204,378,320,247,222,187,324,378,320,416,284,250,333,218,286,245,333,204,275,274,391,263,204,304,284,284,320,204,385,391,378,391,177,333,345,218,320,378,391,333,213,312,345,266,284,204,179,236,246,202,304,333,320,378,333,224,233,333,333,320,284,204,416,333,215,345,277,284,284,378,268,345,391,137,391,320,277,204,304,333,320,177,378,320,185,378,416,113,191,333,227,378,204,378,177,304,345,234,263,167,378,284,320,246,290,255,391,391,345,169,286,391,277,191,119,378,204,236,320,312,177,225,378,320,284,286,277,345,279,391,274,391,204,324,391,284,391,177,189,
143,167,282,276,289,177,294,294,294,128,196,164,262,277,294,234,276,216,333,149,276,333,333,220,278,276,216,193,193,241,276,296,220,202,220,294,255,175,294,289,213,224,213,333,149,245,333,193,276,333,294,241,333,207,113,282,196,234,333,294,177,134,266,277,276,262,167,333,134,202,264,193,213,333,210,220,333,220,256,224,276,232,193,149,294,234,189,294,234,262,333,294,224,276,224,276,213,294,239,121,333,294,333,266,200,139,241,333,333,245,220,155,333,232,245,207,333,333,196,276,333,189,165,294,333,196,257,264,189,202,226,264,220,288,296,294,172,220,264,274,333,333,
167,282,249,289,177,270,270,270,128,230,164,287,277,270,234,249,216,312,149,249,312,312,253,278,249,216,181,189,241,249,296,253,230,253,270,255,175,270,289,230,253,213,312,149,245,312,154,249,312,270,236,312,207,143,282,230,234,312,270,177,143,266,277,249,287,167,312,170,166,264,165,230,312,210,253,312,253,256,224,249,232,193,149,270,234,189,270,234,287,312,270,224,249,230,249,230,270,239,170,312,278,312,266,200,139,208,312,312,253,253,170,312,232,253,207,312,312,230,249,312,189,165,270,312,230,257,264,147,181,226,264,253,288,296,270,172,253,264,274,312,312,
311,261,319,113,279,279,279,183,218,75,278,306,299,274,261,259,320,202,261,320,320,241,308,261,259,227,170,279,261,326,241,245,241,279,213,221,279,319,256,266,167,320,113,201,320,170,261,320,289,275,320,158,177,311,234,189,320,279,224,134,296,306,261,284,213,320,189,179,295,211,256,320,253,241,320,245,289,179,261,273,237,113,279,274,134,279,218,278,320,279,266,283,218,261,218,279,196,154,320,308,320,296,243,130,220,333,320,241,241,205,320,273,282,179,320,320,218,261,320,134,211,279,320,218,290,295,167,227,268,222,241,317,326,279,92,241,222,304,320,320,
329,113,319,349,345,345,270,282,310,319,266,345,196,330,263,378,256,329,378,378,289,300,329,240,266,326,218,329,134,234,213,274,345,367,236,345,218,202,189,340,378,304,361,378,304,329,378,345,300,378,336,274,218,224,354,378,345,234,296,218,266,329,187,245,378,266,293,266,266,202,378,205,333,378,213,218,347,329,240,221,304,345,177,326,345,354,326,378,345,196,329,347,329,340,345,357,288,378,345,378,134,266,299,300,378,378,361,245,252,378,263,167,336,378,378,266,329,378,326,247,345,378,326,218,266,282,272,187,372,319,326,134,345,315,304,372,127,378,378,
329,270,303,137,261,266,329,261,370,211,175,276,283,215,301,276,169,207,323,344,189,241,239,211,278,261,238,336,344,329,344,132,322,289,283,261,329,344,293,279,250,315,316,250,266,204,159,160,271,289,276,261,329,307,286,293,276,276,261,211,143,370,276,204,289,234,211,211,329,204,289,344,204,344,261,300,209,239,276,261,247,329,278,129,329,370,209,129,276,143,329,252,329,232,311,289,294,189,241,329,211,261,222,229,309,344,344,289,204,215,344,289,204,204,329,167,204,278,249,218,204,329,261,211,218,202,289,328,344,205,344,273,266,344,328,344,252,262,
326,356,345,345,278,289,317,326,266,345,196,337,263,378,266,329,378,378,296,300,329,240,266,333,218,329,113,245,224,282,345,373,247,345,218,213,202,347,378,311,367,378,311,329,378,345,300,378,343,282,218,234,361,378,347,245,304,218,266,329,187,256,378,274,300,266,266,213,378,216,340,378,224,218,354,329,240,231,311,345,189,333,345,361,333,378,345,202,329,354,329,347,345,364,295,378,345,378,149,266,306,300,378,378,367,256,263,378,263,177,343,378,378,274,329,378,333,257,345,378,333,218,266,289,272,199,378,326,326,127,345,322,311,378,134,378,378,
279,286,279,196,218,121,278,314,306,282,261,269,320,213,261,326,320,241,315,261,269,238,170,286,261,333,241,256,241,279,201,232,279,326,266,274,149,320,134,189,320,170,261,320,296,283,320,141,189,319,245,177,320,279,234,149,304,314,261,291,224,320,202,179,303,222,266,320,263,241,320,256,296,179,261,280,248,134,279,282,113,279,218,278,320,279,274,290,218,261,218,279,183,168,320,315,320,304,254,143,220,340,320,241,241,216,320,280,289,179,320,320,218,261,320,113,222,279,320,218,297,303,177,238,276,220,241,324,333,279,92,241,211,311,320,320,
319,181,284,345,279,384,345,337,314,144,302,177,294,272,356,177,359,346,204,302,279,236,319,207,363,359,345,359,289,294,307,143,356,345,359,294,177,270,307,177,236,175,292,328,315,177,263,294,349,345,294,177,126,294,294,335,345,283,384,294,314,307,227,334,268,345,349,307,359,269,359,328,227,236,313,294,279,198,345,279,295,345,384,236,299,307,322,345,192,345,213,263,307,177,346,204,345,290,279,224,369,177,359,359,307,284,313,359,227,299,259,345,273,328,279,270,227,321,345,329,334,240,279,308,187,359,355,363,167,284,359,236,359,192,179,
279,284,345,279,384,236,143,294,299,240,317,294,193,181,338,359,187,264,263,236,294,279,261,352,359,345,359,167,337,307,299,279,345,359,309,295,271,330,331,271,283,177,126,187,288,305,294,279,345,323,303,309,294,294,279,236,175,384,294,177,307,257,236,236,345,177,307,359,197,359,279,316,232,263,294,279,269,345,294,152,345,384,232,143,294,129,345,273,345,256,327,307,310,165,264,345,236,279,245,206,324,359,359,307,177,240,359,305,177,209,345,191,177,294,270,241,177,345,279,236,241,227,307,343,359,179,359,289,284,359,343,359,273,280,
284,345,279,384,307,299,294,143,259,178,294,217,319,214,359,308,133,263,236,236,279,137,352,359,345,359,241,294,307,143,319,345,359,294,177,270,307,203,236,129,245,289,275,177,263,294,312,345,294,177,167,294,294,297,307,232,384,294,274,307,227,295,236,345,312,307,359,213,359,289,227,175,273,294,279,126,345,279,250,345,384,177,256,294,283,345,129,345,143,263,307,177,308,177,345,243,279,187,333,191,359,359,307,234,273,359,227,256,202,345,218,289,279,270,167,282,345,290,295,240,227,307,221,359,318,359,126,284,359,236,359,177,177,
211,180,273,264,284,218,266,200,324,128,266,324,324,234,266,266,200,177,207,225,266,285,234,211,234,284,270,155,284,278,211,234,229,324,172,261,324,177,266,324,284,227,324,224,118,270,211,250,324,284,158,159,250,264,266,273,141,324,140,187,248,177,211,324,192,234,324,234,240,240,266,216,175,172,284,218,207,284,250,273,324,284,207,266,240,266,229,284,255,140,324,284,324,250,181,165,227,324,324,261,234,140,324,216,234,224,324,324,211,266,324,207,139,284,324,211,241,248,174,187,209,277,234,276,285,284,189,234,277,261,324,324,
218,187,277,345,234,329,263,378,196,329,378,378,127,300,329,240,266,266,241,329,296,177,202,127,345,255,177,345,289,213,224,213,378,230,245,378,266,329,378,345,300,378,240,196,282,189,234,378,345,196,196,266,277,329,248,196,378,177,272,266,266,213,378,210,202,378,202,256,272,329,240,196,218,345,234,218,345,234,189,378,345,224,329,224,329,213,345,240,177,378,345,378,266,266,218,300,378,378,245,167,177,378,263,245,272,378,378,134,329,378,218,230,345,378,189,257,266,263,272,226,300,177,326,296,345,211,149,266,274,378,378,
278,305,297,273,261,257,320,199,261,320,320,241,306,261,257,225,170,278,261,324,241,243,241,279,215,219,279,317,253,264,169,320,112,204,320,170,261,320,287,274,320,162,175,310,232,192,320,279,221,132,295,305,261,283,211,320,187,179,294,209,253,320,251,241,320,243,287,179,261,271,235,104,279,273,137,279,218,278,320,279,264,281,218,261,218,279,198,154,320,306,320,295,241,128,220,331,320,241,241,203,320,271,280,179,320,320,218,261,320,137,209,279,320,218,288,294,166,225,266,224,241,316,324,279,100,241,224,302,320,320,
314,384,282,370,312,416,262,370,416,416,167,345,370,294,314,314,286,370,333,234,256,189,384,262,246,384,326,266,274,262,416,287,246,416,314,370,416,384,345,416,294,262,319,245,262,416,384,262,262,304,314,370,291,262,416,246,320,314,314,266,416,263,162,416,256,296,320,370,294,262,278,384,282,278,384,187,113,416,384,274,370,187,370,187,384,294,246,416,384,416,304,314,278,345,416,416,189,224,246,416,312,289,320,416,416,202,370,416,278,287,384,416,187,297,314,312,320,276,345,162,368,333,384,273,162,314,311,416,416,
236,193,326,189,343,248,234,284,364,284,166,293,189,224,321,170,290,274,283,266,283,236,363,229,326,170,266,283,335,322,299,356,357,299,310,284,236,169,315,332,269,170,266,349,329,335,227,291,170,70,218,314,238,284,259,288,128,240,266,284,211,328,284,283,170,342,270,172,214,299,297,266,321,236,349,321,284,236,193,211,342,300,335,287,353,283,336,236,293,266,207,294,279,284,350,356,283,245,284,172,283,332,284,284,266,233,284,321,240,277,284,321,170,128,277,224,211,368,314,208,283,316,310,299,368,283,300,308,
294,319,240,336,294,223,177,357,359,187,285,263,236,314,279,283,352,359,345,359,198,356,307,319,279,345,359,328,315,291,349,350,291,303,193,126,187,308,324,294,279,345,342,322,328,294,294,279,236,207,384,294,177,307,280,236,236,345,177,307,359,227,359,279,335,261,263,294,291,289,345,314,187,345,384,261,181,294,137,345,293,345,279,345,307,329,120,285,345,236,286,272,177,343,359,359,307,205,240,359,324,180,238,345,222,177,314,270,269,177,345,279,236,269,227,307,362,359,141,359,309,303,359,362,359,293,300,
294,189,333,202,276,333,334,245,241,276,162,193,289,125,276,208,220,196,224,294,333,179,294,189,196,220,304,333,266,326,333,266,278,333,294,241,333,300,224,177,196,319,333,304,177,256,149,193,276,262,189,333,213,250,193,193,196,333,138,296,333,220,134,311,276,162,163,266,294,196,289,294,319,289,333,294,113,276,311,276,304,294,322,243,333,294,333,196,193,259,241,333,333,326,220,198,333,189,220,300,333,333,213,276,333,289,191,294,333,289,136,193,234,202,121,339,282,274,220,294,278,266,339,220,333,333,
282,204,276,245,337,204,344,327,172,282,256,211,299,175,344,344,329,344,269,276,289,129,337,329,344,276,204,249,289,204,211,136,272,309,295,204,239,276,330,329,276,204,129,276,276,316,326,261,370,276,294,289,202,315,240,329,330,289,344,241,344,309,202,207,293,276,261,167,329,261,275,329,370,207,279,286,303,329,159,329,180,239,289,204,327,204,329,270,261,193,351,204,344,344,289,263,293,344,202,279,231,329,246,309,261,249,197,301,329,310,315,215,256,289,191,344,336,344,129,266,344,211,344,204,204,
300,189,215,286,322,280,191,240,128,149,277,166,236,271,280,263,280,240,321,208,282,209,263,280,291,286,248,314,315,248,265,286,240,170,286,288,205,198,263,306,286,292,189,238,174,189,215,312,189,286,208,232,172,172,263,286,208,284,286,280,166,299,215,128,189,248,245,263,277,240,306,312,286,240,189,215,299,250,291,240,310,226,293,240,286,263,128,241,220,286,308,314,280,208,286,128,280,288,286,286,263,215,286,277,172,240,286,277,166,172,216,149,208,327,280,211,280,272,264,280,327,280,286,286,
333,270,355,149,391,344,204,304,284,284,320,205,385,391,378,391,288,333,345,177,355,378,391,333,149,312,345,134,284,204,290,327,314,167,304,333,348,378,333,134,177,333,333,334,343,281,416,333,313,345,277,333,284,378,348,345,391,268,391,327,277,234,311,333,320,195,378,320,294,378,416,234,298,333,321,378,204,378,211,304,345,113,344,202,378,289,320,246,368,113,391,391,345,283,311,391,277,298,257,378,271,327,320,312,225,320,378,328,333,286,278,345,246,391,354,391,177,324,391,284,391,189,177,
276,333,333,220,250,276,181,193,224,209,276,274,220,196,220,294,281,132,294,266,196,220,245,333,189,274,333,193,276,333,294,241,333,240,134,256,196,266,333,294,134,177,234,248,276,262,113,333,121,202,232,193,196,333,174,234,333,220,224,256,276,200,154,189,294,202,224,294,266,262,333,294,189,276,256,276,245,294,270,165,333,294,333,234,193,181,241,333,333,274,220,121,333,200,220,240,333,333,196,276,333,224,143,294,333,224,225,232,189,202,192,288,220,274,274,294,207,220,288,245,333,333,
252,293,344,236,196,239,211,238,261,192,336,344,329,344,138,291,289,245,261,329,344,276,240,249,289,285,211,222,204,209,187,229,254,276,261,329,277,250,259,276,276,261,234,128,370,276,204,289,202,218,211,329,241,289,344,204,344,261,269,159,239,276,261,202,329,261,152,329,370,204,161,276,199,329,207,329,185,280,289,261,236,204,329,211,261,174,272,278,344,344,289,204,215,344,254,204,204,329,71,209,261,249,171,204,329,261,218,215,202,289,298,344,250,344,231,266,344,298,344,207,218,
374,391,246,305,304,284,333,320,303,385,391,378,391,227,373,345,338,320,378,391,347,334,312,367,368,311,322,224,177,246,327,343,333,320,378,361,341,347,333,333,320,284,236,416,333,189,345,300,284,284,378,113,345,391,256,391,320,354,283,304,333,320,309,378,333,218,378,416,283,213,333,204,378,313,378,299,364,345,348,177,305,378,284,320,292,134,362,391,391,345,234,286,391,343,213,266,378,250,167,333,312,289,177,378,320,284,289,277,345,378,391,207,391,328,324,391,378,391,313,320,
391,365,234,322,300,284,339,237,385,391,378,391,310,333,345,182,374,378,391,333,189,312,345,113,284,209,313,348,335,201,304,333,368,378,333,177,177,333,333,355,364,304,416,333,334,345,277,354,289,378,368,345,391,290,391,348,277,266,333,333,320,229,378,320,316,378,416,266,320,333,342,378,223,378,243,304,345,167,365,234,378,311,320,254,387,134,391,391,345,305,333,391,277,320,283,378,294,348,320,312,257,341,378,349,354,286,300,345,246,391,373,391,199,324,391,284,391,223,213,
316,344,262,283,283,252,344,304,189,213,134,359,245,202,359,296,224,234,220,391,253,234,391,283,344,391,359,316,391,262,220,289,202,223,391,359,220,220,274,284,344,259,220,391,202,289,283,283,224,391,221,189,391,213,266,289,344,262,220,241,359,245,241,359,223,177,391,359,234,344,213,344,202,359,262,202,391,359,391,274,283,241,316,391,391,234,177,202,391,280,256,289,391,391,149,344,391,241,253,359,391,177,268,283,280,289,236,316,167,341,304,359,234,134,283,282,391,391,
294,196,225,322,220,292,308,316,300,316,211,364,258,327,220,300,316,336,323,300,357,358,300,312,246,187,170,316,333,270,220,300,350,330,336,241,293,220,166,220,345,241,246,261,289,166,241,300,246,258,329,246,316,220,343,272,196,241,300,298,300,322,202,350,345,272,196,241,160,343,301,336,288,354,284,337,187,294,300,209,295,280,246,351,357,316,258,246,174,316,333,246,250,300,234,246,322,241,278,246,322,220,166,278,225,258,369,316,154,316,318,311,316,369,316,301,309,
240,211,211,264,83,336,344,329,344,222,276,289,172,305,329,344,276,204,249,289,223,211,139,225,275,259,204,239,276,298,329,276,204,187,276,276,283,293,213,370,276,257,289,202,282,211,329,298,289,344,204,344,275,202,149,256,276,261,129,329,261,231,329,370,204,236,276,269,329,113,329,129,239,289,204,294,204,329,224,261,160,320,213,344,344,289,215,256,344,202,236,204,329,197,275,261,249,136,268,329,276,282,215,207,289,241,344,304,344,153,266,344,241,344,204,204,
149,277,139,239,251,262,240,262,263,321,181,282,209,240,262,291,304,248,314,315,248,265,304,263,196,304,288,205,198,240,306,304,292,162,238,174,189,239,294,170,304,194,232,172,172,240,304,181,284,304,262,162,299,239,128,162,248,263,240,277,263,306,294,304,263,162,239,299,250,291,263,310,226,304,263,304,240,132,241,220,304,308,314,262,181,304,128,262,288,304,304,240,239,304,277,172,263,304,277,164,172,216,150,181,327,269,236,262,272,264,262,327,262,304,304,
248,181,211,274,283,266,283,236,299,211,256,241,266,283,269,284,216,291,293,216,233,284,236,175,284,264,193,231,266,284,284,269,193,205,209,224,211,314,193,284,211,200,207,128,266,284,211,283,284,283,198,277,211,172,193,216,236,266,248,236,284,314,284,236,193,211,277,218,269,236,288,211,284,236,284,266,128,209,185,284,285,291,283,211,284,172,283,264,284,284,266,211,284,248,154,236,284,266,199,207,181,99,211,305,283,239,283,241,232,283,305,283,284,284,
294,211,340,283,266,283,262,193,243,236,333,274,283,193,284,154,211,284,149,211,284,304,290,284,132,202,326,266,193,284,236,245,193,311,321,254,314,234,289,213,172,310,232,274,326,272,283,284,283,304,149,211,288,258,170,236,289,170,270,266,314,284,274,282,298,266,211,266,236,172,211,284,322,284,311,264,170,185,347,284,283,283,227,284,288,296,128,284,284,266,239,304,170,232,236,296,266,305,310,189,248,283,200,283,331,340,236,177,283,200,319,284,284,
261,229,241,218,241,279,337,187,299,181,218,241,309,320,272,330,332,272,283,320,279,220,320,305,231,170,218,323,320,309,185,263,139,170,261,278,198,320,220,257,170,200,218,320,154,301,320,241,126,316,261,127,171,272,279,218,294,279,323,294,320,279,130,261,316,273,309,279,327,251,320,279,320,218,170,266,245,320,325,330,241,205,320,166,241,305,320,320,220,261,320,294,200,279,320,294,128,170,241,181,154,343,286,258,241,289,283,272,343,241,320,320,
336,344,329,344,218,276,289,175,303,329,344,276,204,249,289,227,211,143,222,273,256,204,239,276,295,329,276,204,191,276,276,280,290,209,370,276,254,289,202,279,211,329,295,289,344,204,344,273,203,143,252,276,261,129,329,261,227,329,370,204,232,276,266,329,126,329,129,239,289,204,292,204,329,220,261,160,318,216,344,344,289,211,252,344,202,233,204,329,194,273,261,249,132,265,329,274,279,215,204,289,245,344,301,344,158,266,344,245,344,204,204,
256,234,289,352,379,258,352,229,224,213,354,385,319,373,385,319,336,385,352,308,385,350,289,229,245,367,385,354,256,311,229,274,336,185,266,385,282,308,274,274,224,385,226,347,385,234,229,361,336,251,242,319,352,202,340,352,367,340,385,352,213,336,361,336,354,352,370,303,385,352,385,167,274,314,308,385,385,373,266,272,385,271,189,350,385,385,282,336,385,340,268,352,385,340,229,274,296,280,211,385,333,333,111,352,329,319,385,149,385,385,
134,167,359,296,202,359,245,149,167,266,391,253,289,391,283,344,391,359,316,391,262,220,241,127,281,391,359,220,220,241,283,344,194,220,391,202,289,283,283,149,391,202,256,391,134,241,289,344,262,220,241,359,177,245,359,281,245,391,359,220,344,274,344,266,359,285,202,391,359,391,213,283,241,316,391,391,289,113,202,391,280,189,289,391,391,149,344,391,245,253,359,391,245,241,283,280,289,202,316,234,341,256,359,234,213,303,224,391,391,
189,345,311,177,345,224,113,134,282,378,234,304,378,266,329,378,345,300,378,278,196,218,113,296,378,345,196,224,218,266,329,187,196,378,177,272,266,266,113,378,177,274,378,127,218,289,329,240,196,234,345,149,266,345,296,266,378,345,196,329,289,329,282,345,300,211,378,345,378,189,266,227,300,378,378,304,149,177,378,263,167,278,378,378,177,329,378,266,230,345,378,266,218,266,263,272,177,318,256,326,234,345,250,234,318,202,378,378,
359,266,202,359,282,202,213,224,391,253,255,391,283,344,391,359,316,391,262,220,274,177,245,391,359,220,220,256,283,344,238,220,391,202,289,283,283,202,391,202,213,391,189,245,289,344,262,220,241,359,224,241,359,245,202,391,359,220,344,234,344,224,359,262,202,391,359,391,256,283,241,316,391,391,255,149,202,391,280,234,289,391,391,127,344,391,241,253,359,391,202,246,283,280,289,215,316,189,341,289,359,234,167,283,266,391,391,
309,307,269,279,345,359,294,264,270,307,303,236,247,177,181,187,254,275,294,279,345,294,273,279,294,294,279,236,129,384,294,177,307,227,236,236,345,217,307,359,177,359,279,286,187,263,294,279,227,345,279,107,345,384,187,126,294,172,345,232,345,213,298,307,280,211,222,345,236,279,202,249,295,359,359,307,177,240,359,275,177,177,345,137,181,279,270,198,177,345,279,236,240,227,307,315,359,225,359,256,284,359,315,359,232,243,
295,294,373,319,326,167,333,223,121,333,223,276,333,347,334,333,172,266,367,304,134,333,294,296,234,354,363,303,342,289,333,274,240,353,288,319,367,317,220,333,311,347,202,276,332,306,223,294,333,189,315,196,262,333,319,326,341,196,276,196,294,162,246,333,364,333,354,310,231,252,386,333,220,289,284,333,332,340,202,333,333,274,293,347,189,288,294,340,196,348,353,255,299,327,241,220,372,379,294,207,223,193,361,333,333,
307,247,177,202,264,345,211,287,345,211,289,345,307,258,345,259,164,236,177,280,345,307,121,199,215,229,289,246,121,345,146,220,213,211,177,345,148,253,345,202,204,273,289,181,128,211,307,179,243,307,280,246,345,307,169,289,273,289,264,307,284,185,345,307,345,215,211,203,258,345,345,287,202,128,345,208,202,259,345,345,177,289,345,243,170,307,345,243,205,213,208,220,171,301,232,287,258,307,227,211,301,226,345,345,
338,345,359,294,177,270,307,177,236,137,272,309,295,177,263,294,331,345,294,177,126,294,294,316,326,261,384,294,294,307,227,315,240,345,331,307,359,241,359,309,227,207,293,294,279,167,345,279,275,345,384,207,279,294,303,345,159,345,181,263,307,177,327,177,345,270,279,194,352,177,359,359,307,263,293,359,227,279,231,345,247,309,279,270,198,302,345,310,315,240,256,307,191,359,336,359,126,284,359,236,359,177,177,
218,241,347,334,311,367,368,311,322,320,279,220,327,343,282,113,234,361,341,347,245,304,149,170,261,278,256,320,274,300,170,257,218,320,216,340,320,241,167,354,283,191,231,311,309,218,333,279,361,333,320,279,202,261,354,313,347,299,364,295,348,279,320,218,225,306,292,320,362,367,256,263,320,191,241,343,320,320,274,261,320,333,257,289,320,333,165,170,289,241,199,378,326,258,241,328,322,311,378,241,320,320,
127,289,378,245,311,378,266,329,378,345,300,378,285,202,218,134,304,378,345,196,234,218,266,329,187,196,378,189,272,266,266,70,378,177,282,378,127,218,296,329,240,196,245,345,134,274,345,304,274,378,345,196,329,296,329,289,345,308,222,378,345,378,177,266,238,300,378,378,311,167,177,378,263,149,285,378,378,189,329,378,274,230,345,378,274,218,266,263,272,177,325,266,326,224,345,261,245,325,189,378,378,
296,391,256,319,391,283,344,391,359,316,391,293,220,241,149,311,391,359,220,245,241,283,344,162,220,391,202,289,283,283,127,391,202,289,391,134,241,304,344,262,220,256,359,127,282,359,311,282,391,359,220,344,304,344,296,359,315,233,391,359,391,167,283,248,316,391,391,319,177,202,391,280,134,293,391,391,202,344,391,282,253,359,391,282,241,283,280,289,202,332,274,341,213,359,270,256,332,177,391,391,
333,177,149,333,193,276,333,319,305,333,162,224,340,274,134,333,294,266,189,326,335,276,314,256,333,234,202,325,254,289,340,287,220,333,282,319,202,276,303,276,177,294,304,134,294,196,262,333,294,296,312,196,276,196,294,162,203,333,336,333,326,280,185,241,361,333,220,256,248,333,303,311,202,333,333,234,276,333,134,254,294,333,196,320,325,213,269,298,241,220,345,354,294,159,220,193,333,333,333,
312,345,177,284,204,268,305,291,113,304,333,327,378,333,113,177,333,333,320,322,255,416,333,290,345,277,311,284,378,327,345,391,236,391,320,277,204,304,333,320,177,378,320,272,378,416,202,275,333,299,378,204,378,177,304,345,134,323,167,378,284,320,246,348,167,391,391,345,257,289,391,277,275,225,378,241,305,320,312,191,298,378,320,311,286,277,345,246,391,333,391,177,324,391,284,391,149,134,
213,312,154,249,312,281,268,312,172,167,304,230,201,312,270,213,143,289,299,249,287,202,312,177,166,288,200,245,312,242,253,312,253,282,189,249,264,226,112,270,266,149,270,230,287,312,270,256,275,230,249,230,270,207,170,312,300,312,289,232,112,208,326,312,253,253,194,312,264,274,172,312,312,230,249,312,149,200,270,312,230,283,288,149,216,258,232,253,310,319,270,128,253,232,296,312,312,
345,213,289,345,340,327,345,181,255,361,296,121,345,307,289,223,347,356,295,335,281,345,266,229,346,280,311,361,309,202,345,304,340,220,289,325,298,213,307,326,177,308,177,246,345,311,319,334,177,289,177,307,181,236,345,357,345,347,303,220,258,379,345,202,281,277,345,325,333,220,345,345,266,289,345,177,280,307,345,177,341,346,245,291,320,258,202,366,373,307,196,213,211,354,345,345,
284,204,305,341,328,189,304,333,362,378,333,167,177,333,333,348,357,296,416,333,327,345,277,347,284,378,362,345,391,283,391,341,277,255,326,333,320,218,378,320,309,378,416,255,312,333,335,378,213,378,232,304,345,149,358,223,378,304,320,246,380,113,391,391,345,298,326,391,277,313,275,378,286,341,320,312,246,334,378,342,347,286,293,345,246,391,367,391,187,324,391,284,391,213,201,
211,284,281,268,284,172,193,304,266,201,284,236,213,193,289,299,222,314,202,284,211,128,288,200,266,304,242,283,284,283,282,189,211,264,226,170,236,266,170,240,266,314,284,245,256,275,266,211,266,236,207,211,284,300,284,289,232,170,166,326,284,283,283,211,284,264,283,172,284,284,266,211,284,170,200,236,284,266,283,288,149,216,258,232,283,310,319,236,177,283,232,296,284,284,
250,293,279,204,239,276,315,329,276,204,158,276,276,300,310,238,370,276,278,289,202,299,217,329,315,289,344,218,344,293,202,181,277,276,261,132,329,261,256,329,370,204,261,276,286,329,126,329,152,239,289,204,312,204,329,249,261,169,336,204,344,344,289,240,277,344,202,261,207,329,224,293,261,249,172,285,329,294,299,215,233,289,216,344,321,344,129,266,344,216,344,204,204,
177,246,257,304,333,320,378,333,275,282,333,333,320,284,204,416,333,149,345,277,284,284,378,213,345,391,149,391,320,289,204,304,333,320,231,378,320,177,378,416,191,177,333,204,378,236,378,217,304,345,283,207,225,378,284,320,246,245,298,391,391,345,113,286,391,278,113,167,378,204,177,320,312,202,167,378,320,284,286,277,345,318,391,222,391,259,324,391,318,391,236,247,
187,298,315,294,279,345,333,312,319,294,294,279,236,191,384,294,177,307,270,236,236,345,177,307,359,213,359,279,326,247,263,294,281,279,345,304,172,345,384,246,167,294,129,345,283,345,269,336,307,320,141,275,345,236,279,259,189,334,359,359,307,189,240,359,315,177,223,345,207,177,304,270,256,177,345,279,236,255,227,307,352,359,165,359,299,293,359,352,359,283,290,
284,301,241,220,300,320,299,305,241,257,220,169,171,345,241,246,258,252,166,194,300,246,258,316,246,316,220,313,227,196,241,268,265,300,290,187,320,345,246,187,241,160,313,269,305,250,323,258,306,187,259,300,166,261,240,246,321,327,316,258,246,170,316,301,246,246,300,185,246,290,208,236,246,300,220,166,236,175,258,340,316,185,316,285,279,316,340,316,269,277,
304,333,320,378,333,134,177,333,333,320,315,245,416,333,283,345,277,304,284,378,320,345,391,225,391,320,277,204,304,333,320,177,378,320,263,378,416,189,268,333,291,378,204,378,177,304,345,149,316,149,378,284,320,246,341,177,391,391,345,247,286,391,277,268,215,378,230,298,320,312,178,290,378,320,304,286,277,345,246,391,326,391,177,324,391,284,391,134,113,
218,336,270,162,304,263,261,183,322,332,269,310,250,304,229,189,321,248,285,336,283,262,304,278,315,150,239,299,272,172,263,300,128,282,240,294,304,285,293,309,240,239,240,263,149,197,304,333,304,322,277,179,203,357,304,262,262,243,304,299,308,150,304,304,240,255,315,128,248,263,308,240,316,321,207,264,294,196,262,342,350,263,149,262,181,329,304,304,
274,196,245,333,294,167,149,256,269,276,262,149,333,121,202,254,193,202,333,198,220,333,220,245,234,276,222,180,167,294,224,202,294,245,262,333,294,213,276,234,276,224,294,250,133,333,294,333,256,193,155,241,333,333,255,220,139,333,222,234,218,333,333,196,276,333,202,146,294,333,202,246,254,189,202,215,273,220,280,289,294,183,220,273,266,333,333,
224,354,334,340,234,296,134,170,261,278,245,320,266,293,170,247,218,320,205,333,320,241,149,347,275,179,221,304,302,218,326,279,354,326,320,279,189,261,347,305,340,292,357,288,341,279,320,218,215,299,284,320,355,361,245,252,320,179,241,336,320,320,266,261,320,326,247,282,320,326,147,170,282,231,187,372,319,258,241,321,315,304,372,241,320,320,
289,378,345,196,213,218,266,329,187,196,378,177,272,266,266,134,378,177,266,378,127,218,282,329,240,196,224,345,167,256,345,289,256,378,345,196,329,282,329,274,345,293,200,378,345,378,202,266,218,300,378,378,296,134,177,378,263,177,272,378,378,167,329,378,256,230,345,378,256,218,266,263,272,177,310,245,326,245,345,240,224,310,213,378,378,
333,294,281,213,340,349,288,328,274,333,255,218,339,273,304,354,302,220,333,296,333,202,276,318,291,201,294,319,167,300,196,262,333,304,311,327,196,276,196,294,162,225,333,350,333,340,295,209,241,373,333,220,274,269,333,318,326,202,333,333,255,278,333,167,273,294,333,196,334,339,234,284,313,241,220,359,367,294,183,220,193,347,333,333,
177,333,333,320,329,266,416,333,298,345,277,319,284,378,334,345,391,247,391,320,277,213,304,333,320,177,378,320,279,378,416,213,283,333,306,378,204,378,187,304,345,113,330,177,378,284,320,246,355,149,391,391,345,268,296,391,277,283,236,378,252,313,320,312,203,305,378,320,319,286,277,345,246,391,340,391,177,324,391,284,391,167,149,
294,294,326,335,273,384,294,304,307,227,325,254,345,340,307,359,256,359,319,227,222,303,294,279,181,345,279,285,345,384,222,289,297,313,345,176,345,198,263,307,177,336,187,345,280,279,209,361,177,359,359,307,274,303,359,227,289,245,345,261,319,279,270,213,312,345,320,325,240,269,307,187,359,346,359,143,284,359,236,359,177,177,
202,213,227,276,262,113,333,149,202,211,193,196,333,145,256,333,220,202,274,276,175,124,213,294,196,245,294,281,262,333,294,167,276,274,276,266,294,285,187,333,294,333,213,193,205,241,333,333,289,220,130,333,189,220,261,333,333,196,276,333,245,143,294,333,245,203,211,189,202,169,303,234,274,256,294,229,220,303,224,333,333,
282,291,276,269,189,333,167,202,280,193,234,333,231,220,333,224,274,202,276,254,216,125,294,256,167,294,213,262,333,294,245,276,202,276,196,294,218,121,333,294,333,282,222,125,241,333,333,223,220,181,333,254,266,202,333,333,196,276,333,167,187,294,333,196,275,280,189,205,247,243,220,303,311,294,141,220,243,289,333,333,
170,261,278,224,320,245,278,170,225,218,320,180,319,320,241,113,333,261,152,198,289,287,218,311,279,340,311,320,279,167,261,333,290,326,279,343,273,327,279,320,218,191,284,269,320,341,347,241,231,320,166,241,322,320,320,245,261,320,311,225,279,320,311,107,170,266,209,164,360,304,258,241,307,300,289,360,241,320,320,
218,314,238,284,259,288,128,240,266,284,211,328,284,283,170,342,270,172,214,299,297,266,321,236,349,321,284,236,193,211,342,300,335,287,353,283,336,236,293,266,207,294,279,284,350,356,283,245,284,172,283,332,284,284,266,233,284,321,240,277,284,321,170,128,277,224,211,368,314,208,283,316,310,299,368,283,300,308,
370,276,204,289,205,211,211,329,225,289,344,204,344,261,280,177,239,276,261,218,329,261,130,329,370,204,137,276,181,329,223,329,203,291,289,274,220,213,329,211,261,191,258,289,344,344,289,204,215,344,269,204,204,329,126,204,261,249,187,204,329,261,211,215,202,289,309,344,234,344,247,266,344,309,344,223,234,
262,416,246,320,314,314,187,416,246,306,416,170,278,321,370,294,262,278,384,187,299,384,328,299,416,384,262,370,321,370,314,384,332,258,416,384,416,187,314,278,345,416,416,335,205,246,416,312,162,320,416,416,227,370,416,299,287,384,416,299,278,314,312,320,246,348,291,368,185,384,288,277,348,162,416,416,
333,134,202,222,193,196,333,163,245,333,220,213,266,276,187,138,202,294,196,234,294,274,262,333,294,177,276,266,276,256,294,278,176,333,294,333,224,193,194,241,333,333,281,220,121,333,189,220,250,333,333,196,276,333,234,143,294,333,234,214,222,189,202,179,295,224,274,266,294,218,220,295,234,333,333,
345,277,284,284,378,177,345,391,189,391,320,311,225,304,333,320,263,378,320,177,378,416,225,177,333,204,378,268,378,249,322,345,305,177,257,378,284,320,246,213,320,391,391,345,167,286,391,300,134,202,378,204,134,320,312,234,113,378,320,284,286,277,345,339,391,207,391,284,324,391,339,391,268,275,
220,243,211,189,345,186,224,345,202,234,245,289,211,170,177,307,213,213,307,255,246,345,307,202,289,245,289,234,307,261,147,345,307,345,245,211,170,258,345,345,266,202,126,345,211,224,229,345,345,177,289,345,213,170,307,345,213,236,243,208,220,204,280,202,287,282,307,196,202,280,256,345,345,
277,181,272,293,226,289,277,289,270,207,202,248,210,179,227,272,179,227,272,320,277,229,240,262,272,202,272,227,223,220,277,289,277,278,216,179,154,315,277,289,289,220,277,248,289,189,277,277,272,202,277,179,181,227,277,272,271,277,128,200,242,248,289,299,308,227,187,289,248,289,277,277,
224,266,284,211,318,284,283,170,332,256,149,197,288,285,266,310,236,339,314,284,236,193,211,332,289,325,275,342,272,326,236,284,266,189,283,268,284,340,346,283,229,284,149,283,321,284,284,266,217,284,310,224,265,284,310,170,70,264,207,211,358,303,208,283,305,299,288,358,283,289,296,
266,284,211,283,284,283,215,264,211,189,193,200,236,266,232,236,273,314,284,236,193,211,266,211,266,236,277,211,284,241,284,266,149,191,169,284,284,283,283,211,284,189,283,248,284,284,266,211,284,232,154,236,284,266,216,224,165,128,211,294,283,255,283,236,216,283,294,283,284,284,
378,177,282,378,127,218,296,329,240,196,245,345,134,274,345,304,274,378,345,196,329,296,329,289,345,308,222,378,345,378,177,266,238,300,378,378,311,167,177,378,263,149,285,378,378,189,329,378,274,230,345,378,274,218,266,263,272,177,325,266,326,224,345,261,245,325,189,378,378,
345,391,245,391,320,347,275,304,333,320,302,378,326,207,378,416,275,202,333,204,378,305,378,292,357,345,341,177,298,378,284,320,284,149,355,391,391,345,224,286,391,336,202,256,378,240,149,326,312,282,167,378,320,284,286,277,345,372,391,207,391,321,324,391,372,391,305,313,
280,345,202,170,294,289,181,128,242,307,177,272,307,302,272,345,307,124,289,294,289,287,307,306,219,345,307,345,180,211,235,258,345,345,309,202,171,345,208,202,283,345,345,186,289,345,272,170,307,345,272,171,211,210,220,127,323,263,287,226,307,258,242,323,202,345,345,
391,274,311,289,344,295,269,241,359,296,241,359,149,162,391,359,289,344,134,344,127,359,262,202,391,359,391,319,283,241,316,391,391,167,245,238,391,295,304,289,391,391,224,344,391,241,253,359,391,127,312,318,280,289,290,316,134,341,347,359,234,167,283,326,391,391,
391,320,277,204,304,333,320,198,378,320,177,378,416,152,177,333,204,378,204,378,181,304,345,257,240,191,378,284,320,246,274,275,391,391,345,134,286,391,277,167,113,378,204,213,320,312,177,202,378,320,284,286,277,345,295,391,254,391,227,324,391,295,391,203,215,
241,289,344,262,220,241,359,149,266,359,296,266,391,359,220,344,289,344,282,359,300,211,391,359,391,189,283,241,316,391,391,304,149,202,391,280,167,289,391,391,177,344,391,266,253,359,391,266,241,283,280,289,202,318,256,341,234,359,250,234,318,202,391,391,
326,261,137,186,282,279,218,304,279,333,304,320,279,149,261,326,283,319,279,336,265,320,279,320,218,179,277,259,320,334,340,241,220,320,166,241,315,320,320,234,261,320,304,215,279,320,304,70,170,256,198,154,353,296,258,241,299,293,282,353,241,320,320,
232,310,284,189,227,311,179,293,272,320,277,296,304,320,272,202,272,227,150,220,277,343,277,333,288,198,220,367,277,289,289,259,282,310,319,128,296,277,272,270,326,179,264,227,319,272,327,332,224,277,305,165,289,352,361,227,187,289,165,340,277,277,
239,276,261,158,329,261,198,329,370,204,203,276,238,329,167,329,137,248,289,223,272,204,329,211,261,160,298,245,344,344,289,204,224,344,216,204,204,329,162,247,261,249,129,236,329,261,256,215,202,289,271,344,282,344,191,266,344,271,344,204,204,
162,264,263,240,288,263,318,294,304,263,162,239,310,266,303,263,321,242,304,263,304,240,149,257,236,304,319,325,262,196,304,128,262,299,304,304,240,239,304,288,189,263,304,288,138,149,232,172,181,337,280,236,262,283,277,264,337,262,304,304,
226,294,196,258,294,291,262,333,294,144,276,284,276,276,294,295,203,333,294,333,198,193,219,241,333,333,298,220,148,333,189,220,272,333,333,196,276,333,258,143,294,333,258,187,197,193,202,148,312,248,274,242,294,242,226,312,220,333,333,
279,266,149,279,218,278,320,279,256,275,218,261,218,279,207,154,320,300,320,289,232,99,220,326,320,241,241,194,320,264,274,179,320,320,218,261,320,149,200,279,320,218,283,288,166,216,258,232,241,310,319,279,128,241,232,296,320,320,
345,279,236,345,384,177,241,294,273,345,129,345,126,263,307,182,298,177,345,236,279,187,324,207,359,359,307,220,261,359,227,241,185,345,203,279,279,270,143,272,345,280,285,240,227,307,236,359,308,359,143,284,359,236,359,177,177,
289,345,319,289,378,345,196,329,311,329,304,345,322,243,378,345,378,149,266,259,300,378,378,326,189,198,378,263,127,300,378,378,213,329,378,289,230,345,378,289,218,266,263,272,177,339,282,326,202,345,278,266,339,167,378,378,
279,218,278,320,279,282,298,218,261,218,279,172,178,320,322,320,311,264,162,220,347,320,241,241,227,320,288,296,179,320,320,218,261,320,70,232,279,320,218,305,310,189,248,283,220,241,331,340,279,128,241,200,319,320,320,
345,384,198,90,294,161,345,241,345,222,304,307,286,202,231,345,236,279,211,240,301,359,359,307,177,240,359,282,177,177,345,150,177,279,270,207,177,345,279,236,240,227,307,321,359,216,359,265,284,359,321,359,241,252,
187,378,345,311,329,113,329,134,345,240,225,378,350,378,340,295,218,300,378,378,127,274,269,378,318,326,272,378,378,255,329,378,218,273,345,378,167,334,339,263,284,313,300,177,359,367,345,211,201,266,347,378,378,
416,384,282,370,187,370,187,384,294,246,416,384,416,311,314,278,345,416,416,177,234,246,416,312,296,320,416,416,213,370,416,278,287,384,416,187,305,314,312,320,283,345,162,368,340,384,273,162,314,319,416,416,
203,333,238,378,204,378,177,304,345,224,272,149,378,284,320,246,298,245,391,391,345,179,286,391,277,203,137,378,204,247,320,312,177,236,378,320,284,286,277,345,272,391,281,391,192,324,391,284,391,167,177,
294,152,345,246,345,227,307,307,290,196,236,345,236,279,216,234,305,359,359,307,177,240,359,285,177,177,345,159,177,279,270,213,177,345,279,236,240,227,307,324,359,211,359,269,284,359,324,359,246,257,
276,304,276,296,294,315,233,333,294,333,196,193,248,241,333,333,319,220,185,333,189,220,293,333,333,202,276,333,282,179,294,333,282,152,193,224,202,121,332,274,274,220,294,270,256,332,220,333,333,
329,276,329,261,330,289,314,156,269,329,211,270,250,204,328,344,344,289,204,215,344,309,204,214,329,198,204,298,249,247,204,329,261,211,246,202,289,347,344,174,344,293,286,344,347,344,276,284,
329,113,345,240,214,378,345,378,333,288,218,300,378,378,134,266,259,378,310,319,272,378,378,245,329,378,218,264,345,378,149,327,332,263,277,305,300,167,352,361,345,211,189,266,340,378,378,
329,132,239,289,204,301,204,329,234,261,160,327,204,344,344,289,225,266,344,202,247,204,329,209,283,261,249,152,275,329,284,289,215,218,289,231,344,311,344,137,266,344,231,344,204,204,
345,240,203,378,345,378,326,280,218,300,378,378,149,256,248,378,303,311,272,378,378,234,329,378,218,254,345,378,134,320,325,263,272,298,300,149,345,354,345,211,177,266,333,378,378,
263,307,199,288,177,345,236,279,187,314,222,359,359,307,206,247,359,227,227,177,345,187,269,279,270,126,259,345,279,275,240,227,307,250,359,298,359,167,284,359,250,359,177,177,
230,304,354,304,343,299,215,236,376,304,262,278,273,304,321,329,150,308,304,261,281,336,172,277,263,329,240,337,342,239,288,317,196,262,363,370,263,189,262,139,350,304,304,
345,307,345,273,211,154,258,345,345,236,202,169,345,242,254,220,345,345,177,289,345,178,174,307,345,178,266,272,208,220,235,258,202,294,303,307,161,202,255,281,345,345,
337,189,378,284,320,246,362,134,391,391,345,275,304,391,277,290,247,378,262,320,320,312,214,313,378,321,326,286,277,345,246,391,347,391,177,324,391,284,391,177,167,
294,345,236,295,280,177,351,359,359,307,218,240,359,333,196,250,345,234,177,322,270,278,177,345,279,236,278,227,307,369,359,133,359,318,311,359,369,359,301,309,
378,284,320,246,320,213,391,391,345,215,286,391,277,236,179,378,204,275,320,312,177,268,378,320,284,286,277,345,246,391,304,391,177,324,391,284,391,113,134,
266,284,300,378,378,347,224,231,378,263,134,322,378,378,245,329,378,311,230,345,378,311,218,266,266,272,177,360,304,326,167,345,300,289,360,127,378,378,
225,204,284,296,303,283,211,284,149,283,277,284,284,266,211,284,264,154,236,284,266,180,189,200,128,211,316,283,223,283,257,248,283,316,283,284,284,
220,321,320,241,241,185,320,257,269,179,320,320,218,261,320,162,191,279,320,218,278,283,166,209,251,239,241,305,314,279,137,241,239,291,320,320,
307,246,316,316,258,246,236,316,203,246,246,300,175,259,220,208,187,249,300,261,268,170,185,258,261,316,290,316,187,227,316,261,316,246,246,
374,391,391,345,256,286,391,357,234,282,378,270,189,347,312,304,202,378,320,284,304,277,345,391,391,207,391,342,336,391,391,391,327,334,
391,391,345,290,319,391,277,305,268,378,279,334,320,312,236,327,378,335,340,286,285,345,246,391,361,391,177,324,391,284,391,201,189,
281,277,391,325,333,289,391,391,266,344,391,241,280,359,391,177,341,346,280,291,320,316,189,366,373,359,234,213,283,354,391,391,
202,391,280,202,289,391,391,134,344,391,241,253,359,391,234,241,283,280,289,202,316,224,341,266,359,234,202,295,234,391,391,
345,208,209,243,345,345,177,289,345,227,170,307,345,227,221,229,208,220,187,290,216,287,272,307,211,202,290,241,345,345,
286,391,277,134,149,378,204,189,320,312,189,177,378,320,284,286,277,345,310,391,232,391,249,324,391,310,391,225,236,
280,299,286,286,263,215,286,288,189,240,286,288,166,149,232,172,208,337,280,211,280,283,277,280,337,280,286,286,
308,391,391,224,344,391,296,253,359,391,296,241,283,280,289,202,346,289,341,189,359,285,274,346,149,391,391,
285,277,272,255,315,179,248,227,308,272,316,321,207,264,294,181,289,342,350,227,187,289,181,329,277,277,
177,378,204,167,320,312,213,149,378,320,284,286,277,345,325,391,211,391,269,324,391,325,391,247,257,
378,204,224,320,312,177,213,378,320,284,286,277,345,288,391,264,391,217,324,391,288,391,191,203,
329,378,218,230,345,378,213,236,266,263,272,204,300,202,326,282,345,211,177,280,256,378,378,
207,261,249,172,204,329,261,217,215,202,289,299,344,248,344,232,266,344,299,344,209,220,
320,312,256,113,378,320,284,286,277,345,353,391,207,391,299,324,391,353,391,283,290,
232,279,320,218,305,310,189,248,283,220,241,331,340,279,128,241,200,319,320,320,
270,312,232,216,224,165,166,181,294,253,255,268,270,216,253,294,253,312,312,
245,345,279,265,240,227,307,264,359,288,359,181,284,359,264,359,177,177,

378,320,284,286,277,345,346,391,207,391,292,324,391,346,391,275,283,
305,310,263,272,283,300,127,331,340,345,211,149,266,319,378,378,
170,257,199,154,354,297,258,241,300,294,283,354,241,320,320,
264,207,211,358,303,208,283,305,299,288,358,283,289,296,
181,226,264,280,288,296,240,174,280,264,280,286,286,
220,305,289,239,289,241,232,289,305,289,277,277,

333,276,287,211,307,272,258,333,202,345,345,
316,377,385,207,227,316,166,366,246,246,
341,333,359,234,134,283,311,391,391,
341,327,321,341,377,341,311,319,
359,329,319,385,149,391,391,
284,359,236,359,177,177,
234,216,308,324,324,
283,296,391,391,
366,284,284,
391,391,
113