NAME = AISearchfile026,
SIZE = 26,
58,78,61,87,81,91,65,116,71,54,116,135,78,64,196,72,51,84,71,169,158,26,100,109,84,
76,75,74,90,119,39,92,31,93,82,95,141,70,189,71,130,110,86,88,129,20,98,132,89,
31,128,34,135,24,156,81,152,55,82,156,127,223,32,103,74,156,91,198,15,36,136,67,
38,62,112,93,87,27,53,49,63,87,26,128,129,58,52,46,46,136,40,56,65,26,
109,165,29,180,135,139,100,77,125,185,278,39,190,82,147,87,193,13,78,194,98,
89,42,53,40,42,139,65,63,87,186,133,37,62,68,91,107,11,88,148,83,

54,180,156,175,85,91,181,172,280,106,148,103,124,80,222,22,153,188,146,
90,34,62,11,34,92,34,102,53,107,59,63,35,77,83,36,64,11,
148,181,94,93,173,147,268,64,190,83,157,113,185,26,111,157,122,
127,76,62,117,117,210,20,99,66,130,63,172,23,68,116,95,
43,66,159,112,250,56,121,100,148,37,206,73,102,155,86,
54,61,74,157,64,79,70,93,151,102,9,103,141,77,
98,68,205,55,51,114,62,93,163,37,64,139,89,
152,257,68,128,110,

155,74,230,44,133,188,142,
272,96,160,62,160,75,228,33,88,202,124,
186,197,212,241,154,220,51,178,127,190,
27,71,30,59,135,42,92,80,47,
95,182,81,161,

9,130,181,107,
68,44,140,22,98,122,54,
93,223,68,96,197,122,
144,39,95,125,92,
50,140,179,160,
18,93,11,
111,99,
100