NAME = AISearchfile042,
SIZE = 42,
140,42,108,112,85,30,26,43,66,39,41,28,93,22,31,88,46,111,51,97,142,126,36,106,45,44,32,38,60,42,83,64,8,75,89,83,27,38,28,36,63,
59,124,161,96,121,28,34,104,105,134,31,170,21,62,130,101,90,94,104,142,120,90,178,67,136,63,102,115,122,141,110,27,142,123,78,72,27,34,68,123,
88,85,111,52,63,105,59,31,32,21,119,62,28,66,93,186,46,56,46,115,36,48,91,23,64,73,98,60,92,79,20,54,55,147,42,106,33,47,49,
146,75,65,35,110,71,77,86,26,185,77,51,108,70,77,84,67,111,145,68,129,79,79,28,64,117,79,115,66,11,126,86,108,61,116,46,50,105,
130,97,85,45,74,130,111,41,22,14,90,150,71,128,94,54,146,143,88,133,60,124,57,98,156,80,136,103,10,142,100,144,105,191,36,62,124,
47,66,113,38,47,25,30,126,71,42,98,70,150,56,63,71,98,53,59,87,35,51,53,85,51,91,62,12,57,55,109,39,69,29,53,61,
136,71,62,46,59,13,99,98,43,59,37,53,148,41,124,71,38,147,30,46,172,45,63,57,36,67,17,158,25,37,37,93,23,172,126,

48,142,56,83,32,21,77,81,69,176,60,180,29,34,53,124,41,144,62,85,110,105,44,30,176,29,102,44,88,99,23,89,89,48,
91,72,41,15,77,93,36,83,97,192,34,42,30,115,44,36,117,30,50,96,63,66,50,97,3,33,50,186,32,91,9,48,32,
59,51,17,60,64,20,62,50,59,80,137,86,93,92,107,59,42,72,70,81,65,61,54,10,62,52,40,15,114,98,82,97,
53,18,135,96,16,67,56,74,90,49,75,106,58,83,66,46,45,46,40,60,62,66,6,101,49,71,60,95,17,77,71,
30,85,64,24,59,26,61,164,69,146,84,49,114,18,67,90,41,52,74,31,47,9,133,42,57,32,46,24,130,160,
76,37,47,41,21,32,50,23,48,49,20,26,15,14,27,29,24,25,20,15,8,43,15,32,21,12,39,49,45,

29,99,140,65,113,107,187,101,140,41,138,62,101,59,105,144,78,109,73,35,150,123,64,120,181,47,60,106,
60,114,171,147,40,56,19,34,107,27,171,44,80,2,111,10,46,137,8,84,39,164,87,40,87,36,46,
57,32,48,36,29,29,84,62,46,45,23,69,34,41,36,24,31,9,58,35,54,50,36,37,62,62,
84,86,77,76,97,149,72,123,82,81,36,69,103,71,99,107,23,124,62,88,63,112,46,34,110,
55,161,34,102,65,62,118,29,18,151,35,78,35,51,58,9,139,36,11,41,134,38,129,163,
25,81,87,119,53,90,12,61,188,64,92,140,113,41,6,98,84,58,60,114,166,167,124,
66,96,139,77,94,156,121,118,179,56,38,43,131,30,64,76,5,58,77,46,117,137,
128,160,125,155,33,74,75,61,82,97,64,20,11,62,95,84,40,90,49,86,126,
104,51,174,97,108,69,108,91,146,103,85,21,186,150,86,59,32,53,83,120,
72,143,67,75,48,159,104,133,90,118,40,22,109,119,88,58,78,61,106,
84,45,43,27,48,44,87,36,49,17,20,39,26,61,99,75,60,93,
95,127,84,135,117,159,71,118,31,185,155,116,54,29,35,80,165,
35,125,33,62,21,65,53,6,113,40,3,38,166,27,157,139,
78,34,54,76,43,50,21,155,81,55,39,39,14,89,159,
178,43,147,34,77,5,78,49,176,59,44,55,114,73,
75,68,48,33,12,72,34,47,54,67,99,151,163,
66,81,81,20,128,71,80,50,84,35,42,104,
44,46,18,70,60,161,40,107,83,185,155,
53,20,60,91,105,34,51,28,38,49,
5,24,78,41,25,108,66,49,86,
26,12,25,15,11,45,21,22,
120,86,69,130,28,77,164,
63,44,34,24,63,87,
71,101,188,182,134,
47,49,30,82,
63,46,30,
70,42,
122