NAME = AISearchfile048,
SIZE = 48,
1021,1607,429,757,1173,318,219,1110,485,1152,825,646,2089,1493,1073,902,1963,453,1251,2101,891,578,894,670,587,740,1692,587,613,851,454,1157,721,1149,1098,1038,428,749,779,936,1129,2179,1240,1038,240,1163,414,
595,138,2435,1187,303,567,1600,354,898,177,514,875,998,2281,1326,781,861,194,1475,2010,519,2044,1212,2238,1403,603,268,923,796,1835,1508,739,2336,592,1828,641,1553,738,1038,220,1718,1042,1472,264,604,928,
356,2145,1794,872,1453,1776,2202,1906,1304,1592,1466,1749,1263,1456,2300,1017,1049,2333,2083,1982,357,1225,1036,663,1690,1508,346,1280,1446,2300,1499,1155,598,1857,887,1316,1499,586,1137,2204,1783,330,1057,588,1581,
1903,774,490,1057,882,1461,130,1576,609,668,902,457,665,904,905,2237,2082,2377,776,695,414,330,428,1056,996,495,426,1008,220,296,1210,491,642,510,345,1306,1621,645,2266,396,1698,942,1327,1463,

1199,669,290,1235,129,2339,2412,1018,636,1399,1049,197,1744,1094,335,701,999,1473,538,617,1272,690,557,820,999,937,866,605,803,397,607,188,1264,744,836,1105,1612,1614,1356,1089,559,1560,644,
983,1183,631,420,1726,2115,1210,1402,197,551,470,2594,358,1421,1395,222,173,1369,739,308,552,1152,618,1283,476,609,235,588,1300,794,311,739,435,781,1286,554,1752,1897,585,1589,1231,803,
1361,1105,1479,424,2540,1815,1845,649,547,1029,967,827,1222,1737,469,355,504,1082,1051,1086,924,680,443,1673,623,776,939,706,526,312,1131,358,608,833,712,1744,1359,666,966,236,630,
1238,1213,665,2055,641,953,1009,651,627,995,316,454,1197,624,442,767,815,410,816,818,1178,548,1326,1004,1123,180,235,918,319,155,790,257,1447,400,1704,937,1556,796,921,1280,

1256,1039,1252,1122,617,1207,828,882,896,1204,1148,1359,1087,1507,507,516,792,882,702,1584,959,849,1291,1051,949,1011,1729,252,189,1720,744,999,823,1961,802,1430,444,552,503,
1698,2290,864,1453,1137,484,214,1483,410,879,1021,320,384,976,482,1603,337,521,882,902,590,369,812,630,604,1282,939,803,350,528,1100,623,1240,667,279,262,674,217,
2425,1760,1260,1181,1024,848,2166,1087,1333,1681,872,326,1716,952,919,2085,1763,968,1188,1241,736,983,1111,652,732,1441,1347,949,445,482,1643,826,604,271,795,813,1255,
2066,1583,982,1427,2156,2013,2439,1759,2493,2165,1969,1849,1885,1005,1985,1239,2708,1836,2063,2445,2385,1497,1286,686,947,1475,1371,1107,1969,1950,1888,1758,2172,685,945,1633,
1969,1604,1081,1560,2301,482,1420,973,1171,2421,1097,1022,761,260,1374,632,1631,652,957,748,1905,405,721,188,713,1092,1479,570,838,1508,292,1494,662,853,533,
689,1972,1727,1157,1148,1250,2182,1162,833,1393,1547,1829,371,1837,1434,925,1925,504,371,579,1356,1699,1568,863,1668,387,1200,987,443,999,2099,484,1398,1492,
908,455,1645,879,341,1872,699,1467,626,1017,821,456,1796,770,374,1023,831,985,1079,285,432,331,1488,1473,1070,1219,863,2237,959,503,455,676,720,
473,2523,1654,406,1114,304,1878,1185,967,182,723,653,1539,504,1640,951,1191,1198,569,1315,818,263,1713,1010,892,1229,1908,801,582,598,972,558,
1858,1023,1169,1972,697,161,251,617,815,943,238,499,459,325,1780,1119,525,397,817,1309,340,154,483,1032,655,1796,182,1727,704,550,916,
1986,1584,1184,1490,653,2571,347,600,2091,2121,1429,1688,2264,534,2043,1802,1506,2405,940,1949,2410,2699,2374,1926,1176,1550,2568,2139,930,1446,
1212,1867,663,1474,1769,837,1227,649,1291,1370,1124,1358,96,862,334,565,878,269,807,920,330,567,1095,2520,882,1184,392,515,1161,
1975,252,740,369,798,1082,524,2072,1304,641,393,690,543,334,919,525,726,594,506,375,1580,992,1898,2049,758,242,352,560,
678,2138,1369,1943,1787,1376,1785,2380,959,145,2367,2026,2734,2114,2285,1467,2455,1724,2117,1506,2408,1030,1938,2428,668,678,1891,
400,177,610,273,479,1479,884,546,1052,1425,1511,1025,1163,1144,1829,865,1519,1828,1183,1362,229,1480,1094,667,1157,950,
227,819,776,847,1252,1226,1125,1580,1338,413,1501,820,580,803,763,697,743,1114,370,290,1427,881,875,361,180,
760,755,780,1552,1457,516,1617,361,1056,581,1153,745,316,165,721,344,947,429,2151,1438,1007,466,917,700,
632,723,358,1049,1364,583,309,630,626,1114,669,1033,443,510,1137,1315,1159,1650,2119,1836,238,626,861,
325,983,699,1156,1861,140,699,814,745,847,435,725,809,259,676,1486,727,1941,83,1723,1353,453,
913,478,1214,869,388,862,813,1259,1058,915,1143,483,410,325,293,969,664,451,547,591,543,
1496,229,1335,1525,355,973,961,488,500,426,572,1590,533,1995,940,2485,973,231,341,579,
681,267,1761,511,1551,563,492,1254,100,402,660,940,440,1019,1983,2394,254,1531,451,
238,235,805,596,847,123,343,1204,90,949,701,216,1717,2203,443,751,1176,1251,
1972,792,981,835,529,107,1000,1722,472,225,1119,2139,1374,1019,354,917,645,

708,930,972,1397,594,411,1138,919,879,1735,1500,1809,985,811,486,839,
700,642,703,907,1104,1524,178,939,214,1489,742,783,568,396,731,
1060,390,90,435,726,703,1605,1092,1166,1745,1341,291,548,928,
586,780,915,642,205,754,1317,1573,2198,1579,679,582,846,
883,622,290,521,739,166,768,1171,1753,1038,661,463,
826,480,362,483,476,1709,1178,328,309,741,1275,
240,1320,1169,986,1287,1802,360,1034,231,481,
317,821,1335,550,2147,685,1272,1461,549,
715,2136,2108,1298,1244,467,853,115,
927,1890,2596,1299,660,1266,676,
1146,831,552,1061,932,541,
1239,2059,1865,335,1644,
562,492,442,1936,
400,598,666,
1023,273,
216