NAME = AISearchfile058,
SIZE = 58,
4799,2922,4572,5634,4678,3124,3750,4642,5536,4291,3770,4359,4875,3594,3724,3201,3436,3674,5330,4029,4925,4604,1990,3848,4902,4409,5533,4252,4850,3342,4015,5338,1445,4124,5274,3558,2688,3841,3919,3125,4069,3047,4947,5123,4739,3147,2230,3974,3538,4756,3294,544,3476,3595,4113,3617,3607,
1608,1002,2417,2243,1290,772,1441,2636,1695,618,1824,2366,694,1117,1148,1050,781,2130,1416,3937,2082,2819,1246,2413,1971,2245,1210,1658,1225,279,2844,5166,248,2265,1755,2128,257,456,1282,1485,1248,2353,1925,2309,1188,5951,1342,1135,1557,1019,4265,871,1231,1678,802,700,
1612,2718,2199,754,991,1726,2620,1705,983,1838,2493,908,1202,517,721,827,2414,1507,2013,2087,932,1332,1986,1930,2617,1350,1946,875,1348,2422,3289,1438,2359,1383,974,1174,1238,209,1495,359,2358,2211,2265,459,4074,1452,490,1619,607,2388,774,1109,1634,880,919,
1428,3082,2123,1610,452,1647,2693,1612,2806,1377,1116,2094,2020,1990,1702,1141,2393,2368,2686,2582,2083,1422,2805,1256,259,669,2058,1275,1869,4929,754,1267,2627,2624,1252,801,1461,2324,1811,3346,936,3143,1748,5724,2336,1950,564,1849,4038,1841,2057,2517,1642,1542,
4491,3352,3008,1126,537,4020,2846,4171,228,2355,3359,3114,3067,2945,297,3658,2108,4320,3642,3487,1171,4222,190,1498,799,3036,2696,1607,5991,2176,366,3872,3684,2496,2037,2521,4225,2918,4591,549,4557,2855,6776,3603,3027,1240,2884,5060,3021,3467,3926,3162,2936,
1717,1489,3490,4673,771,1637,634,4504,2130,1126,1797,1882,1584,4204,1096,4208,300,2698,1274,4181,312,4319,2986,3870,1635,1967,4617,5045,2328,4155,1185,2009,2033,2454,2400,1494,2076,760,3999,254,1972,5830,1232,2072,3604,1795,4144,1606,1240,413,1514,1535,

602,2351,3366,1169,688,1236,3214,991,591,345,287,560,3065,856,2763,1493,1144,720,2732,1445,3180,2331,2963,366,1014,3168,3491,1369,3185,607,455,1088,1315,955,959,589,1827,2860,1783,498,4276,841,394,2465,432,2590,329,705,1152,488,590,
2274,3199,1059,86,1099,2985,658,392,520,407,170,2721,691,3008,1356,1770,528,2864,1340,2836,1434,2430,577,554,3299,4117,856,2667,1118,1081,570,1093,1087,702,662,1717,2527,1668,558,4902,722,508,2388,391,3145,243,506,802,170,72,
1385,3047,1870,3070,925,1354,2379,2235,2066,1944,839,2678,2107,3319,2650,2486,1170,3221,954,522,367,2356,1720,1601,4999,1226,815,2871,2692,1524,1061,1529,2727,1917,3590,656,3556,1854,5784,2620,2026,114,1883,4068,2020,2466,2925,1960,1954,
4116,3032,4249,681,2535,3542,3129,3333,3125,800,3841,1571,4503,3544,3665,634,4401,693,1681,1302,3487,2804,1070,5893,2395,817,3998,3586,2676,2217,2423,3906,2846,4774,1052,4739,2948,6678,3786,3104,1273,3064,4962,3201,3635,4108,3209,3122,
1079,137,3741,1577,578,1249,1119,1036,3744,474,3710,394,2300,652,3683,479,3848,2901,3334,968,1420,4119,4648,1939,3607,1216,1609,1480,1901,1906,224,1421,665,3547,629,1424,5423,347,1424,2845,1301,3752,1153,692,176,967,982,
1218,2831,563,511,543,334,169,2559,810,3006,1475,1790,640,2859,1355,2644,1339,2087,623,339,3295,4137,858,2606,1143,1101,523,887,1083,879,692,1742,2354,1693,588,4922,761,532,1984,416,3236,268,625,1072,199,97,
3870,1710,711,1592,1248,1165,3784,476,3843,257,2379,639,3816,342,3899,2570,3467,1036,1553,4252,4791,1908,3736,943,1686,1627,2040,2039,359,1672,528,3579,492,1560,5511,598,1557,3184,1381,3825,1187,759,290,1095,1115,
2223,3163,2973,2991,2869,184,3462,2040,4128,3417,3402,1103,4017,130,1447,594,3219,2492,1544,5766,1972,147,3734,3459,2449,1934,2296,3531,2655,4399,343,4362,2717,6553,3545,2889,924,2746,4835,2883,3277,3724,2891,2913,
1003,750,706,584,2068,1297,2824,1959,1609,1126,2493,1861,2183,851,1600,996,434,2929,3961,524,2089,1511,1442,260,324,716,1367,557,2230,1863,2196,494,4746,1247,666,1260,523,3060,660,1106,1565,668,586,
671,5410,458,3072,300,3207,965,1734,129,3129,854,3187,1860,2601,390,846,3565,4091,1347,3029,638,1041,915,1328,1352,368,950,1236,2866,1192,846,4876,250,846,2267,669,3190,480,114,561,388,408,
279,383,2923,978,2522,1849,1216,800,2495,1525,2939,1878,2691,367,852,2931,3568,1266,3043,742,696,946,1074,718,1039,288,2093,2619,1863,239,4353,921,194,2349,192,2667,287,705,1232,342,448,
217,2780,846,2730,1505,1451,670,2699,1395,2895,1557,2713,287,771,3135,3803,2699,2915,578,760,835,1030,922,909,546,1776,2575,1740,451,4588,791,314,2182,276,2902,158,439,1102,235,337,
2658,757,2844,1423,1694,587,2700,1312,2773,1435,2182,455,502,3136,4041,948,2793,1096,1004,844,908,923,826,508,1694,2453,1650,411,4826,708,287,1844,227,3140,75,572,1019,80,98,
3371,2083,4041,3338,3200,1146,3935,125,1211,512,3070,2409,1582,5687,1889,135,3585,3380,2209,1750,2217,3441,2651,4306,257,4270,2568,6472,3316,2740,953,2597,4848,2734,3180,3639,2753,2649,
3512,730,2044,178,3428,806,3486,2159,3049,652,1140,3864,4396,1646,3328,945,1353,1214,1627,1651,254,1249,992,3165,960,1145,5181,138,1127,2566,968,3495,1079,374,531,687,707,
4092,2941,3336,947,3939,2170,2390,2437,2884,3236,806,5298,3116,1958,3392,2973,3503,2922,2120,3500,2364,4363,2109,4274,2464,6083,3457,2636,1991,2543,4391,2934,3093,3643,3026,2936,
2624,908,4065,354,4148,2899,3716,1293,1802,4501,4971,1932,4004,1200,1935,1637,2293,2288,606,1931,262,3828,229,1839,5756,855,1811,3433,1638,4002,1444,1016,547,1352,1139,
1868,2910,2429,3304,2278,2870,1362,2035,3346,2357,2139,3283,1578,693,1861,1939,1133,2089,1062,2957,3131,2759,1162,3142,1989,1193,2543,1310,1456,1491,1615,2133,1639,1622,
3315,984,3310,1189,2878,519,969,3751,4215,1329,3158,767,1177,1044,1450,1538,432,1078,1177,2995,1138,975,5000,124,975,2600,798,3314,609,243,709,517,536,
3908,1233,1446,1425,2889,2571,446,5259,2105,1011,3365,2952,2742,1994,1789,3493,2213,4036,1172,4243,2314,6044,3430,2470,1284,2492,4328,2777,3066,3616,2770,2791,
4050,3033,3601,708,1698,4344,4776,2051,3883,1288,1740,1756,2182,2131,701,1798,562,3730,273,1700,5561,940,1710,3335,1423,3875,1335,968,213,942,1258,
1326,627,3185,2524,1669,5890,2004,200,3846,3583,2324,1865,2420,3551,2746,4589,372,4385,2683,6675,3431,2855,1068,2712,4959,2849,3295,3754,2857,2764,
739,2266,1123,1882,4619,962,1337,2951,2286,1460,1394,1199,2532,1408,3554,1006,3351,1345,5404,2098,1517,636,2042,3718,2049,1974,2725,1543,1441,
2878,1937,1861,5217,1417,464,3399,2906,1737,1278,1743,3124,2166,3987,307,3936,2266,6002,2845,2635,330,2515,4316,2251,2878,3305,2263,2358,
949,3325,3709,1304,3120,520,673,1023,1546,1112,758,728,1564,2865,837,631,4494,640,599,2470,447,2808,354,274,478,523,525,
3004,4615,527,2267,1470,1433,184,600,1145,1210,993,2073,2204,2037,889,5167,1063,856,1834,722,3481,567,971,1402,533,429,
5695,2417,1451,3801,3388,3178,2425,2225,3929,2649,4772,1608,4679,2750,6480,3866,2906,1715,2928,4764,3213,3502,4052,3206,3227,
4708,5632,3925,3045,4208,4286,3482,4436,3414,5304,5480,5106,3514,785,4341,3860,5113,3662,901,3843,3962,4480,3986,3969,

1834,1989,1972,498,432,1238,1570,1057,2592,1684,2389,994,5271,1582,1196,1340,1095,3590,1087,1303,1763,888,8700,
3600,3322,2339,1876,2162,3397,2623,4265,211,4221,2563,6417,3451,2875,931,2914,4701,2766,3134,3590,2697,2595,
887,1771,1835,1588,788,1174,1471,3380,1438,1076,4720,888,1484,2905,892,3024,842,524,938,976,1046,
1488,2553,1175,1398,964,2266,3173,2070,1063,3830,1298,772,2585,894,2149,941,926,1444,950,1009,
554,965,1275,817,2151,2004,2094,754,4993,1165,926,1638,783,3307,669,1022,1468,600,498,
1030,2243,881,2654,1545,2510,818,5071,1671,990,1175,847,3385,984,1542,1889,992,1021,
1716,436,2559,2010,2466,537,4267,1653,693,1422,715,2551,1000,1289,1839,960,1015,
1311,887,3236,851,1214,5221,189,1214,2841,1037,3535,848,482,283,756,777,
2179,2305,2134,112,4199,1191,234,2031,282,2513,419,1064,1511,497,590,
4099,607,2082,6089,1126,2185,3706,1905,4408,1716,1350,818,1747,1645,
4065,2406,6265,3110,2535,770,2392,4549,2529,2975,3434,2537,2444,
2038,5891,1090,1733,3670,1783,4505,1672,1306,435,1580,1596,

4299,1096,137,1968,184,2613,315,960,1407,389,486,
5126,4645,5676,4447,1686,4628,4747,5265,4771,4759,
1096,2736,919,3440,730,364,489,754,652,
2142,98,2959,359,1060,1407,335,435,
1997,4182,2134,2580,3039,2074,2068,
2761,148,635,1230,217,319,
2942,3061,3579,3083,3073,
594,1041,107,171,
675,502,524,
949,970,
102