NAME = AISearchfile017,
SIZE = 17,
349,309,259,207,105,236,29,105,134,240,34,154,110,346,289,530,
289,332,246,745,121,483,157,202,237,426,542,528,472,364,685,
264,448,184,96,390,91,77,95,257,227,250,439,444,112,

123,243,36,249,338,555,437,232,175,282,27,505,372,
268,518,57,140,165,53,202,240,239,420,199,383,
142,145,336,150,466,391,326,74,211,182,108,
336,55,390,297,153,301,35,84,29,238,
228,63,435,633,383,154,254,495,267,
196,314,661,412,292,189,360,488,

421,351,572,324,83,262,80,
578,297,324,70,638,329,
169,352,287,402,120,
208,68,196,150,
567,353,61,
191,47,
476