NAME = AISearchfile021,
SIZE = 21,
280,185,700,350,370,125,515,365,585,240,320,380,155,625,370,68,590,370,420,360,
105,110,495,295,475,425,475,645,485,500,600,430,240,120,91,155,175,380,590,
280,165,310,480,380,280,350,140,345,340,240,150,305,505,380,280,495,370,

78,605,230,390,570,625,170,130,465,63,96,320,320,480,150,310,605,
350,715,205,91,515,375,285,415,175,355,635,430,585,435,190,250,
200,100,120,750,235,490,440,380,390,425,575,460,350,690,520,
140,205,480,750,165,265,125,475,650,235,310,255,270,420,

395,255,240,170,480,150,155,220,220,255,590,290,205,
285,405,97,345,160,605,415,67,385,400,215,865,
495,615,480,555,190,585,235,775,755,345,655,
125,160,600,315,87,220,525,445,170,265,
455,640,29,36,27,540,680,77,835,
575,170,295,435,245,440,625,81,
240,535,440,

200,320,440,705,
510,90,350,485,225,545,
300,390,385,545,480,
48,650,430,610,
265,180,610,
450,235,
660